rtn_annual : -0.005656728889054441
c_in : 3
c_out : 3
win_rate : 0.3333333333222222
avg_rtn : -0.008003529207879131
maxdown : -0.02919473404701345
volatility : 0.018531745186461116
sharpe : -1.924089098478672
annual_excess : -0.04213919185873007
trade_freq : 1.0245901639344264
score : -34.48381120398052
stk_name : 000300
start : 2006-01-01
split : 2015-01-01
end : 2018-01-01
tstates : 3
idx_names : ['ma_20']
