rtn_annual : -0.01075974908931665
c_in : 23
c_out : 23
win_rate : 0.39130434782438567
avg_rtn : -0.004056927032396665
maxdown : -0.08583704108075318
volatility : 0.05614299045432155
sharpe : -0.7259988960238795
annual_excess : -0.04716177183964095
trade_freq : 7.855191256830601
score : -11.904650328493194
stk_name : 000300
start : 2006-01-01
split : 2015-01-01
end : 2018-01-01
tstates : 3
idx_names : ['bias_20']
